11100011101000000001000000000101
11100011101000000010000000001010
11100011101000000011000000001111
11100011101000000100000000001111
11100011101000000101000000100000
11100011101000000110000000000101
11100001010101010000000000000010
11100001010100110000000000000100
11100001010101000000000000000101
11100000100001100111000000000110
11100001010100010000000000000010
11100001010100110000000000001100
00000000000000000000000000000000
00000000000000000000000000000000
00000000000000000000000000000000
00000000000000000000000000000000
00000000000000000000000000000000
00000000000000000000000000000000
00000000000000000000000000000000
00000000000000000000000000000000